	frame	x	y	z	
	0	314.129	241.707	0	
	1	314.129	241.707	0	
	2	314.129	241.707	0	
	3	314.129	241.707	0	
	4	315.319	250.78	0	
	5	318.131	267.913	0	
	6	320.817	283.616	0	
	7	322.775	295.201	0	
	8	327.924	296.042	0	
	9	334.309	286.571	0	
	10	341.444	271.17	0	
	11	342.793	256.399	0	
	12	341.483	241.396	0	
	13	336.263	244.436	0	
	14	336.075	243.558	0	
	15	332.911	250.693	0	
	16	332.704	258.561	0	
	17	332.723	270.592	0	
	18	330.554	283.19	0	
	19	327.877	299.131	0	
	20	328.845	312.776	0	
	21	331.291	316.262	0	
	22	332.543	311.316	0	
	23	334.813	299.377	0	
	24	337.89	282.379	0	
	25	336.47	266.526	0	
	26	333.937	252.803	0	
	27	325.771	239.822	0	
	28	306.939	238.422	0	
	29	297.585	234.146	0	
	30	298.96	229.336	0	
	31	303.408	240.247	0	
	32	313.382	256.221	0	
	33	330	295	0	
	34	322.284	281.489	0	
	35	322.272	284.817	0	
	36	322.96	278.166	0	
	37	322.423	262.308	0	
	38	321.559	245.582	0	
	39	319.975	231.901	0	
	40	319.035	223.126	0	
	41	316.584	219.067	0	
	42	315.099	222.62	0	
	43	314.238	232.542	0	
	44	313.2	247.339	0	
	45	311.093	266.26	0	
	46	311.612	284.078	0	
	47	312.156	296.261	0	
	48	311.085	302.178	0	
	49	308.339	299.56	0	
	50	307.298	270	0	
	51	308.455	275	0	
	52	309.959	265	0	
	53	311.562	260.227	0	
	54	314.981	257.175	0	
	55	318.351	258.147	0	
	56	321.726	262.985	0	
	57	325.791	272.302	0	
	58	330.371	285.257	0	
	59	333.904	298.904	0	
	60	337.522	311.471	0	
	61	339.842	321.924	0	
	62	340.809	328.453	0	
	63	342.088	327.017	0	
	64	344.035	319.987	0	
	65	345.651	308.529	0	
	66	347.574	294.091	0	
	67	349.014	277.335	0	
	68	350.431	263.576	0	
	69	351.828	256.354	0	
	70	352.392	255.718	0	
	71	352.91	259.467	0	
	72	352.836	268.003	0	
	73	353.462	280.555	0	
	74	358.335	296.071	0	
	75	371.414	307.006	0	
	76	390.91	312.222	0	
	77	408.319	316.989	0	
	78	XX	321.853	0	
	79	XX	333.633	0	
	80	XX	343.236	0	
	81	XX	342.26	0	
	82	XX	340.684	0	
	83	XX	339.106	0	
	84	XX	337.526	0	
	85	XX	335.944	0	
	86	XX	334.361	0	
	87	XX	332.783	0	
	88	XX	331.205	0	
	89	XX	329.625	0	
	90	XX	328.045	0	
	91	XX	326.464	0	
	92	XX	324.886	0	
	93	XX	323.306	0	
	94	XX	321.726	0	
	95	XX	320.145	0	
	96	XX	318.568	0	
	97	375.408	316.989	0	
	98	372.486	315.409	0	
	99	369.561	313.826	0	
	100	366.642	312.246	0	
	101	363.722	310.666	0	
	102	360.801	309.086	0	
	103	357.888	307.509	0	
	104	355.103	305.625	0	
	105	353.484	309.866	0	
	106	354.796	317.168	0	
	107	358.214	316.822	0	
	108	361.896	308.128	0	
	109	365.65	293.773	0	
	110	369.412	276.033	0	
	111	371.802	257.172	0	
	112	373.165	239.476	0	
	113	375.804	237.101	0	
	114	374.89	242.59	0	
	115	373.974	250.47	0	
	116	370.898	263.845	0	
	117	369.069	280.927	0	
	118	366.209	297.1	0	
	119	363.499	309.578	0	
	120	360.499	319.418	0	
	121	358.105	321.795	0	
	122	355.828	320.621	0	
	123	353.873	316.773	0	
	124	351.534	311.092	0	
	125	349.769	304.21	0	
	126	348.338	297.594	0	
	127	347.31	291.912	0	
	128	347.08	288.053	0	
	129	347.588	287.015	0	
	130	348.269	288.623	0	
	131	349.547	292.127	0	
	132	351.495	296.891	0	
	133	352.748	302.589	0	
	134	354.637	308.08	0	
	135	356.803	312.419	0	
	136	357.748	314.59	0	
	137	355.152	309.971	0	
	138	350.782	308.907	0	
	139	XX	305.482	0	
	140	XX	290.629	0	
	141	XX	290.995	0	
	142	XX	291.409	0	
	143	XX	291.245	0	
	144	XX	290.983	0	
	145	XX	290.729	0	
	146	XX	290.476	0	
	147	XX	290.223	0	
	148	XX	289.969	0	
	149	XX	289.715	0	
	150	XX	289.462	0	
	151	XX	289.208	0	
	152	XX	288.955	0	
	153	XX	288.701	0	
	154	XX	288.447	0	
	155	XX	288.194	0	
	156	XX	287.939	0	
	157	XX	287.685	0	
	158	XX	287.432	0	
	159	XX	287.178	0	
	160	XX	286.925	0	
	161	XX	286.672	0	
	162	XX	286.418	0	
	163	XX	286.165	0	
	164	XX	285.912	0	
	165	XX	285.658	0	
	166	XX	285.404	0	
	167	XX	285.151	0	
	168	XX	284.897	0	
	169	XX	284.644	0	
	170	XX	284.39	0	
	171	XX	284.137	0	
	172	XX	283.883	0	
	173	XX	283.63	0	
	174	XX	283.376	0	
	175	XX	283.122	0	
	176	XX	282.869	0	
	177	XX	282.615	0	
	178	XX	282.362	0	
	179	XX	282.108	0	
	180	XX	281.855	0	
	181	XX	281.602	0	
	182	XX	281.349	0	
	183	XX	281.095	0	
	184	XX	280.841	0	
	185	XX	280.587	0	
	186	XX	280.333	0	
	187	XX	280.079	0	
	188	XX	279.826	0	
	189	XX	279.572	0	
	190	244.321	279.319	0	
	191	241.866	279.065	0	
	192	239.414	278.811	0	
	193	236.965	278.559	0	
	194	234.513	278.305	0	
	195	232.051	278.051	0	
	196	229.595	277.797	0	
	197	227.522	277.219	0	
	198	229.841	274.448	0	
	199	230.287	271.164	0	
	200	224.264	272.469	0	
	201	214.108	273.685	0	
	202	200.077	274.093	0	
	203	183.548	273.023	0	
	204	170.979	272.202	0	
	205	169.343	273.211	0	
	206	173.994	272.604	0	
	207	179.228	271.348	0	
	208	182.929	268.553	0	
	209	192.655	261.832	0	
	210	198.634	249.605	0	
	211	202.371	235.123	0	
	212	206.303	220.68	0	
	213	210.893	212.327	0	
	214	215.87	211.066	0	
	215	230	215.71	0	
	216	240	224.29	0	
	217	240	234.447	0	
	218	250	245.024	0	
	219	260	256.587	0	
	220	270	267.145	0	
	221	280	275.6	0	
	222	295	282.911	0	
	223	305	285	0	
	224	330	275	0	
	225	330	270	0	
	226	335	270	0	
	227	340	275	0	
	228	340	270	0	
	229	330.213	284.28	0	
	230	334.674	289.852	0	
	231	338.111	297.09	0	
	232	340.489	304.87	0	
	233	341.822	311.63	0	
	234	342.384	316.854	0	
	235	342.849	319.101	0	
	236	343.23	298	0	
	237	343.64	292	0	
	238	347.186	282	0	
	239	346.641	2731	0	
	240	344.875	265.442	0	
	241	342.49	259.097	0	
	242	338.258	256.906	0	
	243	335.184	258.528	0	
