	Frame	x	y	z	
	0	194.5	141.5	0	
	1	196.203	145.594	0	
	2	202.375	151.434	0	
	3	210.098	156.258	0	
	4	214.188	157.039	0	
	5	215.613	153.41	0	
	6	218.492	147.738	0	
	7	225.453	142.137	0	
	8	235.453	138.574	0	
	9	245.453	139.184	0	
	10	260.953	144.273	0	
	11	271.953	149.805	0	
	12	282.953	155.047	0	
	13	294.453	159.289	0	
	14	313.953	164.883	0	
	15	324.953	169.637	0	
	16	339.453	174.148	0	
	17	349.453	178.391	0	
	18	359.453	180.891	0	
	19	368.805	180.516	0	
	20	376.684	176.832	0	
	21	383.879	170.332	0	
	22	390.547	164.746	0	
	23	396.633	161.918	0	
	24	402.051	160.594	0	
	25	406.867	160.371	0	
	26	411.621	161.273	0	
	27	417.879	162.773	0	
	28	418.766	163.066	0	
	29	411.789	161.359	0	
	30	394.527	157.676	0	
	31	374.527	154.559	0	
	32	346.527	150.77	0	
	33	328.027	149.363	0	
	34	312.672	149.5	0	
	35	300.461	150	0	
	36	290.895	152.422	0	
	37	284.191	157.922	0	
	38	280.738	165.902	0	
	39	278.68	175.391	0	
	40	277.164	184.66	0	
	41	275.715	191.398	0	
	42	274.195	193.234	0	
	43	272.648	189.648	0	
	44	270.512	181.535	0	
	45	268.641	171.473	0	
	46	267.504	163.352	0	
	47	267.883	159.754	0	
	48	269.383	161.48	0	
	49	271.098	167.898	0	
	50	273.316	178.891	0	
	51	275.793	192.891	0	
	52	280.48	215.156	0	
	53	287.691	232.238	0	
	54	297.191	243.809	0	
	55	306.703	243.309	0	
	56	317.008	230.309	0	
	57	327.508	209.809	0	
	58	339.504	194.309	0	
	59	349.234	184.633	0	
	60	355.023	181.266	0	
	61	357.359	180.656	0	
	62	357.949	183.223	0	
	63	358.734	191.312	0	
	64	361.234	203.492	0	
	65	365.805	216.176	0	
	66	371.961	226.461	0	
	67	378.098	231.672	0	
	68	382.668	229.527	0	
	69	387.797	218.273	0	
	70	396.316	205.273	0	
	71	397.77	187.773	0	
	72	400.473	181.441	0	
	73	401.879	182.602	0	
	74	401.012	187.59	0	
	75	396.098	192.668	0	
	76	389.883	199.945	0	
	77	385.676	208.836	0	
	78	386.176	217.523	0	
	79	394.113	224.973	0	
	80	405.613	227.434	0	
	81	418.84	223.59	0	
	82	431.23	214.297	0	
	83	442.793	201.832	0	
	84	453.25	191.148	0	
	85	462.75	185.832	0	
	86	470.34	186.93	0	
	87	477.879	190.59	0	
	88	485.539	194.52	0	
	89	494.039	197.777	0	
	90	503.793	202.777	0	
	91	513.215	213.777	0	
	92	518.715	223.141	0	
	93	518.336	224.84	0	
	94	511.969	218.723	0	
	95	502.258	208.098	0	
	96	493.758	200.328	0	
	97	490.445	199.473	0	
	98	492.945	204.371	0	
	99	499.195	212.199	0	
	100	510.68	221.262	0	
	101	526.977	232.469	0	
	102	539.488	240.848	0	
	103	541.043	242.555	0	
	104	530.844	231.957	0	
	105	510.965	216.457	0	
	106	485.465	203.398	0	
	107	465.465	195.988	0	
	108	444.164	190.719	0	
	109	435.883	196.785	0	
	110	432.699	207.453	0	
	111	433.516	220.926	0	
	112	436.031	234.926	0	
	113	438.578	248.926	0	
	114	440.078	262.164	0	
	115	440.332	270.957	0	
	116	440.223	276.59	0	
	117	439.723	280.219	0	
	118	441.062	282.781	0	
	119	441.738	284.027	0	
	120	441.238	283.277	0	
	121	440.609	283.93	0	
	122	442.395	285.207	0	
	123	445.277	286.934	0	
	124	447.254	283.383	0	
	125	448.266	272.949	0	
	126	449.168	253.949	0	
	127	450.727	230.828	0	
	128	452.703	208.828	0	
	129	456.875	190.828	0	
	130	458.035	182.277	0	
	131	457.535	180.383	0	
	132	455.727	182.387	0	
	133	453.227	185.566	0	
	134	451.727	191.492	0	
	135	450.367	199.32	0	
	136	448.738	207.609	0	
	137	446.789	215.074	0	
	138	444.227	221.188	0	
	139	442.852	224.801	0	
	140	440.352	227.344	0	
	141	438.613	227.078	0	
	142	436.125	225.055	0	
	143	433.367	222.418	0	
	144	430.793	220.926	0	
	145	429.555	220.906	0	
	146	430.148	223.391	0	
	147	431.648	228.211	0	
	148	432.98	232.672	0	
	149	434.48	237.137	0	
	150	435.98	239.746	0	
	151	438.137	238.293	0	
	152	439.656	232.379	0	
	153	440.77	221.059	0	
	154	441.789	208.059	0	
	155	444.027	195.059	0	
	156	444.617	182.059	0	
	157	442.117	172.621	0	
	158	436.273	168.414	0	
	159	428.93	169.094	0	
	160	421.082	174.094	0	
	161	413.824	182.141	0	
	162	408.398	188.48	0	
	163	404.047	195.719	0	
	164	399.703	205.812	0	
	165	394.812	217.504	0	
	166	389.418	227.664	0	
	167	382.742	233.902	0	
	168	379.242	237.48	0	
	169	370.742	230.832	0	
	170	362.852	223.355	0	
	171	356.238	222.457	0	
	172	347.738	223.199	0	
	173	335.832	227.191	0	
	174	322.727	233.609	0	
	175	312.227	240	0	
	176	308.906	238.852	0	
	177	314.051	229.457	0	
	178	326.52	216.457	0	
	179	330.523	194.957	0	
	180	336.926	184.449	0	
	181	341.191	180.887	0	
	182	343.879	182.457	0	
	183	345.062	190.32	0	
	184	346.191	201.387	0	
	185	347.691	212.516	0	
	186	349.383	223.297	0	
	187	349.523	230.645	0	
	188	346.43	232.148	0	
	189	339.043	226.758	0	
	190	328.203	216.004	0	
	191	313.703	204.152	0	
	192	297.203	195.746	0	
	193	278.5	192.609	0	
	194	258.805	194.766	0	
	195	239.094	202.434	0	
	196	223.727	211.309	0	
	197	214.227	218.121	0	
	198	210.559	222.535	0	
	199	210.059	223.902	0	
	200	214.363	221.602	0	
	201	218.863	214.266	0	
	202	223.047	201.84	0	
	203	225.777	188.84	0	
	204	226.191	180.125	0	
	205	225.578	176.871	0	
	206	225.996	177.871	0	
	207	228.996	180.41	0	
	208	234.465	188.289	0	
	209	218.398	196.992	0	
	210	220.871	199.992	0	
	211	217.27	199.406	0	
	212	226.637	186.406	0	
	213	226.953	186.391	0	
	214	XX	181.391	0	
	215	XX	181.391	0	
	216	XX	181.391	0	
	217	XX	181.391	0	
	218	XX	181.391	0	
	219	XX	181.391	0	
	220	XX	181.391	0	
	221	XX	181.391	0	
	222	XX	181.391	0	
	223	XX	181.391	0	
	224	XX	181.391	0	
	225	XX	181.391	0	
	226	XX	181.391	0	
	227	XX	181.391	0	
	228	XX	181.391	0	
	229	XX	181.391	0	
	230	XX	181.391	0	
	231	XX	181.391	0	
	232	XX	181.391	0	
	233	XX	181.391	0	
	234	XX	181.391	0	
	235	XX	181.391	0	
	236	XX	181.391	0	
	237	XX	181.391	0	
	238	XX	181.391	0	
	239	XX	181.391	0	
	240	XX	181.391	0	
	241	XX	181.391	0	
	242	XX	181.391	0	
	243	XX	181.391	0	
	244	XX	181.391	0	
	245	XX	181.391	0	
	246	XX	181.391	0	
	247	XX	181.391	0	
	248	XX	181.391	0	
	249	XX	181.391	0	
	250	XX	181.391	0	
	251	XX	181.391	0	
	252	XX	181.391	0	
	253	XX	181.391	0	
	254	XX	181.391	0	
	255	XX	181.391	0	
	256	XX	181.391	0	
	257	XX	181.391	0	