	Frame	x	y	z	
	0	100	100	100	
	1	101.185	101.185	100	
	2	101.794	101.794	100	
	3	101.766	101.766	100	
	4	102.056	102.056	100	
	5	103.15	103.15	100	
	6	103.976	103.976	100	
	7	104.821	104.821	100	
	8	107.662	107.662	100	
	9	109.98	109.98	100	
	10	113.892	113.892	100	
	11	113.912	113.912	100	
	12	113.899	113.899	100	
	13	128.232	128.232	100	
	14	104.968	104.968	100	
	15	104.619	104.619	100	
	16	114.147	114.147	100	
	17	116.77	116.77	100	
	18	119.258	119.258	100	
	19	120.515	120.515	100	
	20	122.688	122.688	100	
	21	124.66	124.66	100	
	22	126.685	126.685	100	
	23	127.588	127.588	100	
	24	127.959	127.959	100	
	25	127.715	127.715	100	
	26	125.646	125.646	100	
	27	117.596	117.596	100	
	28	115.228	115.228	100	
	29	115.897	115.897	100	
	30	137.287	137.287	100	
	31	118.751	118.751	100	
	32	134.944	134.944	100	
	33	139.67	139.67	100	
	34	144.195	144.195	100	
	35	148.238	148.238	100	
	36	151.421	151.421	100	
	37	154.325	154.325	100	
	38	156.481	156.481	100	
	39	160.001	160.001	100	
	40	152.736	152.736	100	
	41	155.32	155.32	100	
	42	158.261	158.261	100	
	43	161.46	161.46	100	
	44	165.691	165.691	100	
	45	169.297	169.297	100	
	46	173.317	173.317	100	
	47	177.125	177.125	100	
	48	181.064	181.064	100	
	49	185.936	185.936	100	
	50	191.06	191.06	100	
	51	199.178	199.178	100	
	52	208.181	208.181	100	
	53	210.207	210.207	100	
	54	217.421	217.421	100	
	55	227.54	227.54	100	
	56	236.385	236.385	100	
	57	244.031	244.031	100	
	58	248.018	248.018	100	
	59	251.751	251.751	100	
	60	256.687	256.687	100	
	61	251.084	251.084	100	
	62	252.357	252.357	100	
	63	252.411	252.411	100	
	64	251.32	251.32	100	
	65	250.812	250.812	100	
	66	247.932	247.932	100	
	67	245.559	245.559	100	
	68	244.081	244.081	100	
	69	243.916	243.916	100	
	70	234.194	234.194	100	
	71	230.46	230.46	100	
	72	228.414	228.414	100	
	73	225.536	225.536	100	
	74	222.275	222.275	100	
	75	218.863	218.863	100	
	76	216.066	216.066	100	
	77	213.811	213.811	100	
	78	210.509	210.509	100	
	79	208.413	208.413	100	
	80	209.662	209.662	100	
	81	211.723	211.723	100	
	82	212.765	212.765	100	
	83	216.362	216.362	100	
	84	218.748	218.748	100	
	85	219.498	219.498	100	
	86	221.714	221.714	100	
	87	223.048	223.048	100	
	88	225.868	225.868	100	
	89	232.372	232.372	100	
	90	237.155	237.155	100	
	91	238.19	238.19	100	
	92	238.984	238.984	100	
	93	238.868	238.868	100	
	94	237.391	237.391	100	
	95	236.186	236.186	100	
	96	233.8	233.8	100	
	97	231.291	231.291	100	
	98	230.864	230.864	100	
	99	232.481	232.481	100	
	100	236.369	236.369	100	
	101	238.322	238.322	100	
	102	240.363	240.363	100	
	103	235.237	235.237	100	
	104	220.048	220.048	100	
	105	230.794	230.794	100	
	106	210.459	210.459	100	
	107	208.81	208.81	100	
	108	227.724	227.724	100	
	109	224.637	224.637	100	
	110	220.523	220.523	100	
	111	215.977	215.977	100	
	112	209.89	209.89	100	
	113	203.7	203.7	100	
	114	199.284	199.284	100	
	115	192.491	192.491	100	
	116	185.008	185.008	100	
	117	182.841	182.841	100	
	118	175.695	175.695	100	
	119	168.284	168.284	100	
	120	161.397	161.397	100	
	121	156.538	156.538	100	
	122	151.894	151.894	100	
	123	154.554	154.554	100	
	124	149.919	149.919	100	
	125	146.31	146.31	100	
	126	143.547	143.547	100	
	127	148.975	148.975	100	
	128	143.227	143.227	100	
	129	140.735	140.735	100	
	130	138.921	138.921	100	
	131	138.718	138.718	100	
	132	139.423	139.423	100	
	133	140.699	140.699	100	
	134	140.116	140.116	100	
	135	140.946	140.946	100	
	136	141.77	141.77	100	
	137	141.389	141.389	100	
	138	143.078	143.078	100	
	139	141.899	141.899	100	
	140	145.364	145.364	100	
	141	145.622	145.622	100	
	142	146.58	146.58	100	
	143	147.636	147.636	100	
	144	149.411	149.411	100	
	145	151.289	151.289	100	
	146	152.61	152.61	100	
	147	153.717	153.717	100	
	148	155.123	155.123	100	
	149	156.249	156.249	100	
	150	157.382	157.382	100	
	151	156.295	156.295	100	
	152	155.831	155.831	100	
	153	155.005	155.005	100	
	154	155.477	155.477	100	
	155	149.546	149.546	100	
	156	152.175	152.175	100	
	157	155.99	155.99	100	
	158	161.286	161.286	100	
	159	163.497	163.497	100	
	160	167.294	167.294	100	
	161	170.454	170.454	100	
	162	173.926	173.926	100	
	163	176.458	176.458	100	
	164	178.867	178.867	100	
	165	181.286	181.286	100	
	166	183.928	183.928	100	
	167	183.165	183.165	100	
	168	169.831	169.831	100	
	169	182.951	182.951	100	
	170	186.237	186.237	100	
	171	189.129	189.129	100	
	172	190.798	190.798	100	
	173	191.39	191.39	100	
	174	192.161	192.161	100	
	175	194.998	194.998	100	
	176	198.351	198.351	100	
	177	200.358	200.358	100	
	178	188.609	188.609	100	
	179	206.439	206.439	100	
	180	208.41	208.41	100	
	181	208.677	208.677	100	
	182	208.965	208.965	100	
	183	208.779	208.779	100	
	184	208.007	208.007	100	
	185	206.81	206.81	100	
	186	206.245	206.245	100	
	187	204.56	204.56	100	
	188	203.067	203.067	100	
	189	202.736	202.736	100	
	190	202.056	202.056	100	
	191	200.813	200.813	100	
	192	196.689	196.689	100	
	193	195.928	195.928	100	
	194	193.634	193.634	100	
	195	192.972	192.972	100	
	196	193.362	193.362	100	
	197	191.825	191.825	100	
	198	187.484	187.484	100	
	199	183.121	183.121	100	
	200	173.868	173.868	100	
	201	166.244	166.244	100	
	202	159.681	159.681	100	
	203	155.159	155.159	100	
	204	151.853	151.853	100	
	205	149.076	149.076	100	
	206	144.472	144.472	100	
	207	135.471	135.471	100	
	208	119.16	119.16	100	
	209	166.873	166.873	100	
	210	167.949	167.949	100	
	211	142.623	142.623	100	
	212	72.0588	72.0588	100	
	213	56.9871	56.9871	100	
	214	56.9871	56.9871	100	
	215	56.9871	56.9871	100	
	216	56.9871	56.9871	100	
	217	56.9871	56.9871	100	
	218	56.9871	56.9871	100	
	219	56.9871	56.9871	100	
	220	56.9871	56.9871	100	
	221	56.9871	56.9871	100	
	222	56.9871	56.9871	100	
	223	56.9871	56.9871	100	
	224	56.9871	56.9871	100	
	225	56.9871	56.9871	100	
	226	56.9871	56.9871	100	
	227	56.9871	56.9871	100	
	228	56.9871	56.9871	100	
	229	56.9871	56.9871	100	
	230	56.9871	56.9871	100	
	231	56.9871	56.9871	100	
	232	56.9871	56.9871	100	
	233	56.9871	56.9871	100	
	234	56.9871	56.9871	100	
	235	56.9871	56.9871	100	
	236	56.9871	56.9871	100	
	237	56.9871	56.9871	100	
	238	56.9871	56.9871	100	
	239	56.9871	56.9871	100	
	240	56.9871	56.9871	100	
	241	56.9871	56.9871	100	
	242	56.9871	56.9871	100	
	243	56.9871	56.9871	100	
	244	56.9871	56.9871	100	
	245	56.9871	56.9871	100	
	246	56.9871	56.9871	100	
	247	56.9871	56.9871	100	
	248	56.9871	56.9871	100	
	249	56.9871	56.9871	100	
	250	56.9871	56.9871	100	
	251	56.9871	56.9871	100	
	252	56.9871	56.9871	100	
	253	56.9871	56.9871	100	
	254	56.9871	56.9871	100	
	255	56.9871	56.9871	100	
	256	56.9871	56.9871	100	
	257	56.9871	56.9871	100	